loading the images...
shape 1
line_pixelation 2
shader 3
morse_code 4
parallel_lines 5
dotted_line 6
stuttering 7
triangulation 8
discoloration 9
random_patch 10
Extracted 1650 normal emages and 150 of each glitch
11 11
3300
loaded the images...
testing for  shape
(1800,)
[0. 0. 0. ... 1. 1. 1.]
(1950,)
[0. 0. 0. ... 0. 1. 0.]
(2100,)
[0. 0. 0. ... 1. 1. 1.]
(2250,)
[0. 0. 0. ... 0. 0. 1.]
(2400,)
[0. 0. 0. ... 1. 1. 1.]
(2550,)
[0. 0. 0. ... 1. 1. 1.]
(2700,)
[0. 0. 0. ... 0. 0. 0.]
(2850,)
[0. 0. 0. ... 1. 1. 1.]
(3000,)
[0. 0. 0. ... 1. 1. 1.]
(3150,)
[0. 0. 0. ... 1. 1. 1.]
(3300,)
[0. 0. 0. ... 1. 1. 0.]
tested  shape  which predicted  1525.0 in 18.201571468512217 minutes
[[1437  213    0    0    0    0    0    0    0    0    0    0]
 [  29  121    0    0    0    0    0    0    0    0    0    0]
 [  59   91    0    0    0    0    0    0    0    0    0    0]
 [  52   98    0    0    0    0    0    0    0    0    0    0]
 [  21  129    0    0    0    0    0    0    0    0    0    0]
 [  15  135    0    0    0    0    0    0    0    0    0    0]
 [  12  138    0    0    0    0    0    0    0    0    0    0]
 [  83   67    0    0    0    0    0    0    0    0    0    0]
 [   2  148    0    0    0    0    0    0    0    0    0    0]
 [  13  137    0    0    0    0    0    0    0    0    0    0]
 [  18  132    0    0    0    0    0    0    0    0    0    0]
 [  34  116    0    0    0    0    0    0    0    0    0    0]]
[[1746 1404]
 [  29  121]]
3300 3300 3300
testing for  line_pixelation
(1800,)
[0. 0. 0. ... 0. 0. 0.]
(1950,)
[0. 0. 0. ... 1. 1. 1.]
(2100,)
[0. 0. 0. ... 1. 0. 0.]
(2250,)
[0. 0. 0. ... 0. 1. 1.]
(2400,)
[0. 0. 0. ... 0. 0. 1.]
(2550,)
[0. 0. 0. ... 0. 0. 0.]
(2700,)
[0. 0. 0. ... 0. 0. 0.]
(2850,)
[0. 0. 0. ... 0. 0. 0.]
(3000,)
[0. 0. 0. ... 0. 0. 0.]
(3150,)
[0. 0. 0. ... 0. 1. 0.]
(3300,)
[0. 0. 0. ... 0. 0. 0.]
tested  line_pixelation  which predicted  446.0 in 6.681061236063639 minutes
[[1631   19    0    0    0    0    0    0    0    0    0    0]
 [ 139   11    0    0    0    0    0    0    0    0    0    0]
 [   5  145    0    0    0    0    0    0    0    0    0    0]
 [ 132   18    0    0    0    0    0    0    0    0    0    0]
 [  33  117    0    0    0    0    0    0    0    0    0    0]
 [ 125   25    0    0    0    0    0    0    0    0    0    0]
 [ 112   38    0    0    0    0    0    0    0    0    0    0]
 [ 123   27    0    0    0    0    0    0    0    0    0    0]
 [ 146    4    0    0    0    0    0    0    0    0    0    0]
 [ 124   26    0    0    0    0    0    0    0    0    0    0]
 [ 134   16    0    0    0    0    0    0    0    0    0    0]
 [ 150    0    0    0    0    0    0    0    0    0    0    0]]
[[2849  301]
 [   5  145]]
3300 3300 3300
testing for  shader
(1800,)
[1. 0. 1. ... 0. 0. 0.]
(1950,)
[1. 0. 1. ... 0. 1. 1.]
(2100,)
[1. 0. 1. ... 1. 1. 1.]
(2250,)
[1. 0. 1. ... 0. 0. 0.]
(2400,)
[1. 0. 1. ... 1. 1. 1.]
(2550,)
[1. 0. 1. ... 0. 0. 0.]
(2700,)
[1. 0. 1. ... 0. 0. 0.]
(2850,)
[1. 0. 1. ... 1. 1. 1.]
(3000,)
[1. 0. 1. ... 1. 1. 0.]
(3150,)
[1. 0. 1. ... 0. 0. 1.]
(3300,)
[1. 0. 1. ... 1. 1. 0.]
tested  shader  which predicted  1825.0 in 2.4762515942255656 minutes
[[750 900   0   0   0   0   0   0   0   0   0   0]
 [ 76  74   0   0   0   0   0   0   0   0   0   0]
 [ 84  66   0   0   0   0   0   0   0   0   0   0]
 [ 22 128   0   0   0   0   0   0   0   0   0   0]
 [ 78  72   0   0   0   0   0   0   0   0   0   0]
 [ 43 107   0   0   0   0   0   0   0   0   0   0]
 [ 78  72   0   0   0   0   0   0   0   0   0   0]
 [123  27   0   0   0   0   0   0   0   0   0   0]
 [  1 149   0   0   0   0   0   0   0   0   0   0]
 [ 55  95   0   0   0   0   0   0   0   0   0   0]
 [ 66  84   0   0   0   0   0   0   0   0   0   0]
 [ 99  51   0   0   0   0   0   0   0   0   0   0]]
[[1453 1697]
 [  22  128]]
3300 3300 3300
testing for  morse_code
(1800,)
[0. 0. 0. ... 0. 0. 0.]
(1950,)
[0. 0. 0. ... 0. 1. 0.]
(2100,)
[0. 0. 0. ... 0. 0. 0.]
(2250,)
[0. 0. 0. ... 1. 1. 1.]
(2400,)
[0. 0. 0. ... 0. 0. 0.]
(2550,)
[0. 0. 0. ... 0. 0. 0.]
(2700,)
[0. 0. 0. ... 0. 0. 0.]
(2850,)
[0. 0. 0. ... 0. 0. 0.]
(3000,)
[0. 0. 0. ... 0. 0. 1.]
(3150,)
[0. 0. 0. ... 0. 0. 0.]
(3300,)
[0. 0. 0. ... 0. 0. 0.]
tested  morse_code  which predicted  236.0 in 9.040966153144836 minutes
[[1650    0    0    0    0    0    0    0    0    0    0    0]
 [ 150    0    0    0    0    0    0    0    0    0    0    0]
 [ 127   23    0    0    0    0    0    0    0    0    0    0]
 [ 150    0    0    0    0    0    0    0    0    0    0    0]
 [   5  145    0    0    0    0    0    0    0    0    0    0]
 [ 149    1    0    0    0    0    0    0    0    0    0    0]
 [ 150    0    0    0    0    0    0    0    0    0    0    0]
 [ 142    8    0    0    0    0    0    0    0    0    0    0]
 [ 130   20    0    0    0    0    0    0    0    0    0    0]
 [ 112   38    0    0    0    0    0    0    0    0    0    0]
 [ 149    1    0    0    0    0    0    0    0    0    0    0]
 [ 150    0    0    0    0    0    0    0    0    0    0    0]]
[[3059   91]
 [   5  145]]
3300 3300 3300
testing for  parallel_lines
(1800,)
[0. 0. 0. ... 0. 0. 0.]
(1950,)
[0. 0. 0. ... 0. 0. 0.]
(2100,)
[0. 0. 0. ... 0. 0. 0.]
(2250,)
[0. 0. 0. ... 0. 0. 0.]
(2400,)
[0. 0. 0. ... 1. 1. 1.]
(2550,)
[0. 0. 0. ... 0. 0. 0.]
(2700,)
[0. 0. 0. ... 0. 0. 0.]
(2850,)
[0. 0. 0. ... 0. 0. 0.]
(3000,)
[0. 0. 0. ... 0. 0. 0.]
(3150,)
[0. 0. 0. ... 0. 0. 0.]
(3300,)
[0. 0. 0. ... 0. 0. 0.]
tested  parallel_lines  which predicted  231.0 in 6.431501638889313 minutes
[[1650    0    0    0    0    0    0    0    0    0    0    0]
 [ 148    2    0    0    0    0    0    0    0    0    0    0]
 [ 132   18    0    0    0    0    0    0    0    0    0    0]
 [ 149    1    0    0    0    0    0    0    0    0    0    0]
 [ 148    2    0    0    0    0    0    0    0    0    0    0]
 [   0  150    0    0    0    0    0    0    0    0    0    0]
 [ 141    9    0    0    0    0    0    0    0    0    0    0]
 [ 137   13    0    0    0    0    0    0    0    0    0    0]
 [ 150    0    0    0    0    0    0    0    0    0    0    0]
 [ 116   34    0    0    0    0    0    0    0    0    0    0]
 [ 148    2    0    0    0    0    0    0    0    0    0    0]
 [ 150    0    0    0    0    0    0    0    0    0    0    0]]
[[3069   81]
 [   0  150]]
3300 3300 3300
testing for  dotted_line
(1800,)
[0. 0. 0. ... 0. 0. 0.]
(1950,)
[0. 0. 0. ... 0. 0. 0.]
(2100,)
[0. 0. 0. ... 0. 0. 0.]
(2250,)
[0. 0. 0. ... 0. 1. 1.]
(2400,)
[0. 0. 0. ... 1. 1. 1.]
(2550,)
[0. 0. 0. ... 1. 0. 1.]
(2700,)
[0. 0. 0. ... 0. 0. 0.]
(2850,)
[0. 0. 0. ... 1. 1. 1.]
(3000,)
[0. 0. 0. ... 1. 1. 1.]
(3150,)
[0. 0. 0. ... 0. 1. 1.]
(3300,)
[0. 0. 0. ... 0. 0. 0.]
tested  dotted_line  which predicted  811.0 in 6.431654862562815 minutes
[[1637   13    0    0    0    0    0    0    0    0    0    0]
 [ 118   32    0    0    0    0    0    0    0    0    0    0]
 [ 103   47    0    0    0    0    0    0    0    0    0    0]
 [ 133   17    0    0    0    0    0    0    0    0    0    0]
 [  56   94    0    0    0    0    0    0    0    0    0    0]
 [  23  127    0    0    0    0    0    0    0    0    0    0]
 [  39  111    0    0    0    0    0    0    0    0    0    0]
 [ 140   10    0    0    0    0    0    0    0    0    0    0]
 [   1  149    0    0    0    0    0    0    0    0    0    0]
 [  19  131    0    0    0    0    0    0    0    0    0    0]
 [  70   80    0    0    0    0    0    0    0    0    0    0]
 [ 150    0    0    0    0    0    0    0    0    0    0    0]]
[[2450  700]
 [  39  111]]
3300 3300 3300
testing for  stuttering
(1800,)
[0. 0. 0. ... 0. 0. 0.]
(1950,)
[0. 0. 0. ... 0. 1. 1.]
(2100,)
[0. 0. 0. ... 0. 0. 0.]
(2250,)
[0. 0. 0. ... 0. 0. 0.]
(2400,)
[0. 0. 0. ... 0. 0. 0.]
(2550,)
[0. 0. 0. ... 0. 0. 0.]
(2700,)
[0. 0. 0. ... 1. 0. 1.]
(2850,)
[0. 0. 0. ... 1. 1. 1.]
(3000,)
[0. 0. 0. ... 0. 0. 1.]
(3150,)
[0. 0. 0. ... 0. 0. 0.]
(3300,)
[0. 0. 0. ... 0. 0. 0.]
tested  stuttering  which predicted  549.0 in 6.3931889772415165 minutes
[[1633   17    0    0    0    0    0    0    0    0    0    0]
 [ 144    6    0    0    0    0    0    0    0    0    0    0]
 [  68   82    0    0    0    0    0    0    0    0    0    0]
 [ 142    8    0    0    0    0    0    0    0    0    0    0]
 [  85   65    0    0    0    0    0    0    0    0    0    0]
 [ 146    4    0    0    0    0    0    0    0    0    0    0]
 [ 145    5    0    0    0    0    0    0    0    0    0    0]
 [  10  140    0    0    0    0    0    0    0    0    0    0]
 [   0  150    0    0    0    0    0    0    0    0    0    0]
 [  89   61    0    0    0    0    0    0    0    0    0    0]
 [ 139   11    0    0    0    0    0    0    0    0    0    0]
 [ 150    0    0    0    0    0    0    0    0    0    0    0]]
[[2741  409]
 [  10  140]]
3300 3300 3300
testing for  triangulation
(1800,)
[0. 0. 0. ... 0. 0. 0.]
(1950,)
[0. 0. 0. ... 0. 0. 0.]
(2100,)
[0. 0. 0. ... 0. 0. 0.]
(2250,)
[0. 0. 0. ... 0. 0. 0.]
(2400,)
[0. 0. 0. ... 0. 0. 0.]
(2550,)
[0. 0. 0. ... 0. 0. 0.]
(2700,)
[0. 0. 0. ... 0. 0. 0.]
(2850,)
[0. 0. 0. ... 1. 1. 1.]
(3000,)
[0. 0. 0. ... 0. 0. 0.]
(3150,)
[0. 0. 0. ... 0. 0. 0.]
(3300,)
[0. 0. 0. ... 0. 0. 0.]
tested  triangulation  which predicted  150.0 in 6.446902891000112 minutes
[[1650    0    0    0    0    0    0    0    0    0    0    0]
 [ 150    0    0    0    0    0    0    0    0    0    0    0]
 [ 150    0    0    0    0    0    0    0    0    0    0    0]
 [ 150    0    0    0    0    0    0    0    0    0    0    0]
 [ 150    0    0    0    0    0    0    0    0    0    0    0]
 [ 150    0    0    0    0    0    0    0    0    0    0    0]
 [ 150    0    0    0    0    0    0    0    0    0    0    0]
 [ 150    0    0    0    0    0    0    0    0    0    0    0]
 [   0  150    0    0    0    0    0    0    0    0    0    0]
 [ 150    0    0    0    0    0    0    0    0    0    0    0]
 [ 150    0    0    0    0    0    0    0    0    0    0    0]
 [ 150    0    0    0    0    0    0    0    0    0    0    0]]
[[3150    0]
 [   0  150]]
3300 3300 3300
testing for  discoloration
(1800,)
[0. 0. 0. ... 0. 0. 0.]
(1950,)
[0. 0. 0. ... 0. 0. 0.]
(2100,)
[0. 0. 0. ... 0. 0. 0.]
(2250,)
[0. 0. 0. ... 0. 0. 0.]
(2400,)
[0. 0. 0. ... 1. 0. 1.]
(2550,)
[0. 0. 0. ... 1. 0. 1.]
(2700,)
[0. 0. 0. ... 0. 0. 1.]
(2850,)
[0. 0. 0. ... 1. 0. 0.]
(3000,)
[0. 0. 0. ... 1. 1. 1.]
(3150,)
[0. 0. 0. ... 0. 1. 0.]
(3300,)
[0. 0. 0. ... 0. 0. 0.]
tested  discoloration  which predicted  675.0 in 6.5204840461413065 minutes
[[1635   15    0    0    0    0    0    0    0    0    0    0]
 [ 133   17    0    0    0    0    0    0    0    0    0    0]
 [  89   61    0    0    0    0    0    0    0    0    0    0]
 [ 141    9    0    0    0    0    0    0    0    0    0    0]
 [ 127   23    0    0    0    0    0    0    0    0    0    0]
 [  43  107    0    0    0    0    0    0    0    0    0    0]
 [  70   80    0    0    0    0    0    0    0    0    0    0]
 [ 129   21    0    0    0    0    0    0    0    0    0    0]
 [  14  136    0    0    0    0    0    0    0    0    0    0]
 [  13  137    0    0    0    0    0    0    0    0    0    0]
 [  81   69    0    0    0    0    0    0    0    0    0    0]
 [ 150    0    0    0    0    0    0    0    0    0    0    0]]
[[2612  538]
 [  13  137]]
3300 3300 3300
testing for  random_patch
(1800,)
[0. 0. 0. ... 1. 0. 0.]
(1950,)
[0. 0. 0. ... 0. 0. 0.]
(2100,)
[0. 0. 0. ... 0. 0. 0.]
(2250,)
[0. 0. 0. ... 0. 0. 0.]
(2400,)
[0. 0. 0. ... 0. 0. 0.]
(2550,)
[0. 0. 0. ... 0. 0. 0.]
(2700,)
[0. 0. 0. ... 0. 0. 0.]
(2850,)
[0. 0. 0. ... 0. 0. 0.]
(3000,)
[0. 0. 0. ... 0. 1. 1.]
(3150,)
[0. 0. 0. ... 1. 1. 1.]
(3300,)
[0. 0. 0. ... 0. 0. 0.]
tested  random_patch  which predicted  580.0 in 2.599019292990367 minutes
[[1427  223    0    0    0    0    0    0    0    0    0    0]
 [ 135   15    0    0    0    0    0    0    0    0    0    0]
 [ 148    2    0    0    0    0    0    0    0    0    0    0]
 [ 137   13    0    0    0    0    0    0    0    0    0    0]
 [ 136   14    0    0    0    0    0    0    0    0    0    0]
 [ 131   19    0    0    0    0    0    0    0    0    0    0]
 [ 140   10    0    0    0    0    0    0    0    0    0    0]
 [ 137   13    0    0    0    0    0    0    0    0    0    0]
 [ 137   13    0    0    0    0    0    0    0    0    0    0]
 [  35  115    0    0    0    0    0    0    0    0    0    0]
 [   9  141    0    0    0    0    0    0    0    0    0    0]
 [ 148    2    0    0    0    0    0    0    0    0    0    0]]
[[2711  439]
 [   9  141]]
3300 3300 3300
testing for  screen_tearing
(1800,)
[0. 0. 0. ... 0. 1. 0.]
(1950,)
[0. 0. 0. ... 0. 0. 1.]
(2100,)
[0. 0. 0. ... 0. 0. 0.]
(2250,)
[0. 0. 0. ... 0. 1. 0.]
(2400,)
[0. 0. 0. ... 0. 0. 0.]
(2550,)
[0. 0. 0. ... 0. 0. 1.]
(2700,)
[0. 0. 0. ... 0. 0. 0.]
(2850,)
[0. 0. 0. ... 0. 0. 0.]
(3000,)
[0. 0. 0. ... 0. 0. 1.]
(3150,)
[0. 0. 0. ... 0. 1. 0.]
(3300,)
[0. 0. 0. ... 0. 0. 0.]
tested  screen_tearing  which predicted  340.0 in 2.521449029445648 minutes
[[1582   68    0    0    0    0    0    0    0    0    0    0]
 [ 121   29    0    0    0    0    0    0    0    0    0    0]
 [ 121   29    0    0    0    0    0    0    0    0    0    0]
 [ 115   35    0    0    0    0    0    0    0    0    0    0]
 [ 123   27    0    0    0    0    0    0    0    0    0    0]
 [ 118   32    0    0    0    0    0    0    0    0    0    0]
 [ 117   33    0    0    0    0    0    0    0    0    0    0]
 [ 122   28    0    0    0    0    0    0    0    0    0    0]
 [ 149    1    0    0    0    0    0    0    0    0    0    0]
 [ 120   30    0    0    0    0    0    0    0    0    0    0]
 [ 122   28    0    0    0    0    0    0    0    0    0    0]
 [ 150    0    0    0    0    0    0    0    0    0    0    0]]
[[2810  340]
 [ 150    0]]
3300 3300 3300
saved the result
LR training time:  0.02236199378967285
              precision    recall  f1-score   support

         0.0       0.93      0.87      0.90       430
         1.0       0.86      0.93      0.90       395

    accuracy                           0.90       825
   macro avg       0.90      0.90      0.90       825
weighted avg       0.90      0.90      0.90       825

[[372  58]
 [ 26 369]]
Accuracy of the model is:  0.8981818181818182
